63,54,61,88,89,119,120,126
89,90
61,4
58,60,59
61,79,80,78
80,99,100,154,156,158,159,160,169,197,151
89,121,122,138,143,142,151,177,180,184,185,186,187,189
193,192,191,190,188,196,182,181,178,151
151,170,171,172,173,174,176
174,179
151,168
151,167,152,144,145,146,147,148,149,150
167,166,161,162,163,164,165
161,157,155,154,153
154,98,96,95,92,93,91,80,77,76,1
96,97
93,94
1,52,51,50,49,48,47,194,45,46
45,44,43,27,28,29,30
29,31
27,26,25,24,23,21,22
21,20,19,18,17,16,15,14,13,10,11,12
10,8,9
8,6,7
6,4,5
4,55,56
55,1
1,2,3
2,81,82,101,102,103,104,105
82,83,84,85,47
27,42,41,40,38,37,35,34,33,32,17
38,57
38,39
47,64,65
64,66,67,68,69,70,71,72,73,74
73,75,130,131,132,133,134
133,129,128,127,126,125
126,71
47,195
47,86,87,106,107,108,109,110,111
108,112,113,114,115,117,118
115,116
114,135,136
114,123,124,137,139,140,141
140,143,144